19.997
19.307
19.179
19.183
19.153
19.175
19.174
19.158
19.155
19.158
19.146
19.125
19.121
19.113
19.112
19.108
19.107
19.097
19.072
19.074
19.077
19.097
19.021
19.029
19.017
19.017
19.011
19.002
19.014
18.991
18.970
18.988
18.989
18.971
18.991
18.984
18.998
18.970
18.962
18.964
18.977
18.945
18.935
18.921
18.918
18.90000
18.881
18.910
18.891
18.871
18.904
18.926
18.872
18.857
18.776
18.771
18.806
18.783
18.781
18.782
18.756
18.756
18.813
18.751
18.726
18.788
18.757
18.730
18.680
18.737
18.711
18.741
18.724
18.696
18.675
18.674
18.677
18.653
18.66000
18.650
18.640
18.642
18.646
18.648
18.622
18.617
18.551
18.528
18.512
18.507
18.504
18.508
18.518
18.519
18.477
18.461
18.440
18.429
18.428
18.413
18.409
18.401
18.401
18.412
18.422
18.415
18.406
18.409
18.409
18.380
18.372
18.381
18.365
18.348
18.339
18.333
18.333
18.348
18.31000
18.319
18.281
18.307
18.277
18.319
18.297
18.264
18.236
18.271
18.250
18.251
18.211
18.147
18.181
18.166
18.20000
18.200
18.204
18.196
18.168
18.178
18.165
18.160
18.142
18.137
18.118
18.109
18.090
18.090
18.099
18.092
18.088
18.079
18.079
18.073
18.079
18.039
18.04000
18.019
18.025
18.019
18.009
18.009
17.941
17.930
17.966
17.953
17.905
17.922
17.940
17.972
17.935
17.888
17.830
17.854
17.847
17.911
17.895
17.866
17.883
17.901
17.893
17.867
17.863
17.833
17.841
17.857
17.836
17.822
17.780
17.816
17.790
17.777
17.782
17.783
17.788
17.810
17.828
17.753
17.751
17.758
17.771
17.725
17.75000
17.757
17.727
17.738
17.717
17.713
17.715
17.717
17.706
17.708
17.693
17.706
17.705
17.708
17.707
17.700
17.699
17.691
17.664
17.660
17.667
17.672
17.689
17.684
17.683
17.677
17.689
17.677
17.666
17.666
17.651
17.643
17.642
17.648
17.648
17.637
17.608
17.611
17.580
17.577
17.588
17.582
17.588
17.582
17.577
17.584
17.58000
17.585
17.591
17.592
17.572
17.560
17.555
17.560
17.544
17.520
17.554
17.479
17.498
17.517
17.505
17.587
17.650
17.655
17.74000
17.751
17.795
17.838
17.830
17.851
17.865
17.854
17.869
17.897
17.901
17.952
17.951
17.957
17.958
17.963
17.977
17.995
18.022
18.037
18.037
18.061
18.160
18.170
18.327
18.389
18.501
18.587
18.60000
18.807
18.988
19.036
18.975
18.972
18.992
18.975
18.992
19.008
19.409
19.308
19.307
19.322
19.335
19.409
19.510
19.547
19.45000
19.549
19.559
19.606
19.666
19.764
19.770
19.786
19.939
20.024
20.034
20.056
20.257
20.281
20.525
20.604
20.618
20.716
20.715
20.769
20.839
20.89000
21.202
21.551
21.433
21.420
21.406
21.358
21.369
21.335
21.383
21.419
21.466
21.515
21.571
21.595
21.543
21.53000
21.547
21.658
21.679
21.719
21.796
21.814
21.810
21.891
21.892
21.954
22.021
22.046
22.074
22.096
22.123
22.106
22.09000
22.117
22.160
22.277
22.289
22.306
22.394
22.471
22.612
22.628
22.618
22.513
22.710
22.776
22.765
22.618
22.652
22.780
22.73000
22.761
22.756
22.731
22.758
22.791
22.774
22.819
22.837
22.886
22.894
22.995
23.017
23.032
23.069
23.082
23.090
23.096
23.115
23.191
23.26000
23.463
23.506
23.377
23.386
23.605
23.596
23.618
23.557
23.693
23.740
23.768
23.706
23.710
23.803
23.765
23.776
23.903
23.930
24.019
23.994
23.944
23.943
23.985
23.96000
23.978
23.992
24.015
24.029
24.119
24.148
24.185
24.186
24.088
24.215
24.288
24.404
24.326
24.309
24.313
24.40000
24.622
24.603
24.442
24.363
24.379
24.417
24.409
24.433
24.114
24.379
24.689
24.658
24.550
24.616
24.582
24.588
24.596
24.562
24.325
24.415
24.46000
24.456
24.467
24.396
24.357
24.301
24.310
24.288
24.201
24.229
24.287
24.240
24.318
24.353
24.334
24.385
24.363
24.38000
24.424
24.390
24.426
24.416
24.392
24.447
24.484
24.641
24.586
24.689
24.689
24.652
24.698
24.716
24.669
24.669
24.576
24.633
24.598
24.620
24.586
24.530
24.537
24.510
24.514
24.587
24.46000
24.504
24.550
24.575
24.596
24.614
24.601
24.642
24.633
24.655
24.667
24.744
24.686
24.710
24.677
24.661
24.599
24.562
24.562
24.563
24.563
24.591
24.637
24.679
24.702
24.712
24.700
24.761
24.799
24.789
24.794
24.814
24.782
24.717
24.759
24.757
24.770
24.792
24.778
24.66000
24.582
24.616
24.593
24.582
24.572
24.672
24.711
24.774
24.811
24.798
24.724
24.737
24.705
24.744
24.711
24.764
24.853
24.735
24.876
24.724
24.807
24.953
24.902
24.875
24.812
24.677
24.669
24.702
24.647
24.716
24.689
24.689
24.731
24.780
25.035
24.997
24.913
24.899
24.89000
24.909
24.990
24.991
24.934
24.859
24.837
24.804
24.717
24.712
24.723
24.747
24.794
24.810
24.843
24.835
24.768
24.813
24.922
24.820
24.717
24.679
24.657
24.741
24.771
24.787
24.945
24.980
24.983
24.990
24.974
24.873
24.675
24.542
24.536
24.545
24.46000
24.322
24.027
23.996
23.887
23.925
23.984
23.993
23.998
23.940
23.811
23.678
23.772
23.956
23.928
23.973
23.838
23.681
23.593
23.710
23.789
23.841
23.847
23.789
23.720
23.750
23.789
23.750
23.732
23.717
23.728
23.640
23.604
23.628
23.566
23.767
23.865
23.825
23.789
23.795
23.78000
23.719
23.696
23.685
23.713
23.738
23.750
23.778
23.776
23.701
23.686
23.639
23.627
23.634
23.674
23.689
23.679
23.677
23.607
23.593
23.610
23.644
23.663
23.670
23.699
23.668
23.657
23.612
23.528
23.504
23.472
23.448
23.449
23.447
23.454
23.445
23.465
23.465
23.370
23.364
23.365
23.360
23.346
23.311
23.338
23.325
23.29000
23.233
23.269
23.245
23.243
23.205
23.186
23.217
23.216
23.180
23.152
23.135
23.136
23.094
23.093
23.047
23.052
23.011
23.004
23.007
22.998
22.928
22.884
22.837
22.776
22.795
22.827
22.844
22.820
22.832
22.816
22.823
22.847
22.823
22.803
22.717
22.747
22.712
22.73000
22.691
22.673
22.675
22.669
22.650
22.631
22.622
22.612
22.590
22.520
22.548
22.550
22.542
22.531
22.528
22.538
22.524
22.521
22.50000
22.432
22.418
22.444
22.454
22.369
22.377
22.355
22.334
22.317
22.321
22.303
22.278
22.245
22.220
22.217
22.181
22.201
22.201
22.226
22.183
22.184
22.164
22.135
22.143
22.060
22.082
22.015
22.045
21.992
22.000
21.972
21.983
21.943
21.973
21.996
21.987
22.026
21.997
21.954
21.826
21.854
21.796
21.788
21.878
21.808
21.82000
21.813
21.810
21.812
21.813
21.814
21.814
21.820
21.828
21.818
21.832
21.811
21.817
21.811
21.818
21.750
21.739
21.713
21.723
21.714
21.719
21.714
21.691
21.677
21.612
21.613
21.549
21.545
21.48000
21.354
21.405
21.383
21.377
21.400
21.373
21.345
21.264
21.280
21.215
21.231
21.283
21.296
21.278
21.250
21.268
21.093
21.190
21.187
21.206
21.196
21.170
21.155
21.144
21.138
21.123
21.084
21.093
21.148
21.142
21.098
21.045
21.083
21.082
21.087
21.091
21.081
21.081
21.073
21.060
21.044
21.078
21.072
21.056
21.044
21.05000
21.052
21.057
21.049
21.019
21.014
21.008
21.009
21.006
20.980
20.983
20.998
20.974
20.963
20.968
20.972
20.954
20.955
20.945
20.92000
20.835
20.864
20.888
20.882
20.899
20.846
20.832
20.838
20.824
20.812
20.826
20.814
20.757
20.803
20.800
20.792
20.779
20.783
20.77000
20.772
20.755
20.757
20.758
20.754
20.748
20.747
20.734
20.733
20.731
20.723
20.708
20.711
20.715
20.699
20.702
20.708
20.697
20.694
20.673
20.685
20.660
20.652
20.652
20.654
20.664
20.645
20.640
20.639
20.632
20.617
20.604
20.600
20.603
20.608
20.597
20.587
20.584
20.582
20.584
20.589
20.56000
20.543
20.503
20.527
20.569
20.541
20.540
20.510
20.510
20.527
20.495
20.484
20.496
20.460
20.473
20.488
20.476
20.456
20.447
20.465
20.498
20.477
20.445
20.424
20.409
20.447
20.415
20.455
20.409
20.393
20.410
20.40000
20.393
20.393
20.408
20.404
20.401
20.395
20.396
20.399
20.387
20.388
20.384
20.378
20.383
20.396
20.376
20.379
20.375
20.382
20.381
20.385
20.385
20.360
20.35000
20.326
20.328
20.336
20.348
20.317
20.335
20.333
20.359
20.338
20.302
20.315
20.311
20.317
20.364
20.303
20.310
20.321
20.291
20.301
20.327
20.316
20.307
20.322
20.332
20.342
20.336
20.313
20.348
20.304
20.308
20.302
20.284
20.310
20.312
20.275
20.287
20.286
20.263
20.265
20.281
20.267
20.276
20.260
20.256
20.268
20.24000
